3.28845310 -1.63271999 0.34439799
3.27690911 -1.65609300 0.34441099
3.26464105 -1.67898595 0.34436199
3.41059303 -1.78454602 0.34432599
3.25281811 -1.70199203 0.34437099
3.39806509 -1.80848503 0.34433401
3.24086595 -1.72482204 0.34437901
3.38540196 -1.83223701 0.34434101
3.22878504 -1.74747300 0.34438500
3.54399705 -1.95011103 0.34423801
3.37259507 -1.85579503 0.34434500
3.21656895 -1.76994097 0.34438899
3.53040695 -1.97467196 0.34424099
3.35966110 -1.87916803 0.34434801
3.20423198 -1.79223204 0.34439099
3.51667905 -1.99903405 0.34424201
3.34659600 -1.90235198 0.34434801
3.19177198 -1.81434298 0.34439200
3.69055200 -2.13163209 0.34413201
3.50281501 -2.02319694 0.34424001
3.33340406 -1.92534602 0.34434700
3.67580295 -2.15687799 0.34412900
3.48881793 -2.04715896 0.34423700
3.32008505 -1.94815004 0.34434399
3.81555796 -2.27408004 -1.14181805
3.80313611 -2.26667690 -1.11939502
3.80358791 -2.26694608 -1.10079896
3.80977106 -2.27063107 -1.08380795
3.81802702 -2.27555108 -1.06731403
3.81235790 -2.27217293 -1.04689503
3.80737710 -2.26920390 -1.02669704
3.80279303 -2.26647210 -1.00663400
3.79848909 -2.26390696 -0.98667002
3.79427791 -2.26139688 -0.96675402
3.79037499 -2.25907111 -0.94693798
3.78749108 -2.25735211 -0.92739201
3.78509212 -2.25592208 -0.90797299
3.78276491 -2.25453496 -0.88857800
3.78103304 -2.25350308 -0.86932600
3.77965808 -2.25268412 -0.85015398
3.77876496 -2.25215101 -0.83108699
3.77659202 -2.25085592 -0.81173700
3.77435994 -2.24952602 -0.79238099
3.77258492 -2.24846792 -0.77312601
3.77142596 -2.24777699 -0.75399703
3.77162695 -2.24789691 -0.73513103
3.77270293 -2.24853802 -0.71641397
3.76081395 -2.24145293 -0.69527602
3.67217588 -2.18862391 -0.66044098
3.65985990 -2.18128395 -0.63982701
3.65208507 -2.17665005 -0.62009603
3.64996600 -2.17538691 -0.60136300
3.64791989 -2.17416692 -0.58265197
3.64595389 -2.17299604 -0.56396198
3.64440799 -2.17207408 -0.54534501
3.64389300 -2.17176795 -0.52688098
3.64385605 -2.17174506 -0.50848001
3.64389801 -2.17177010 -0.49007899
3.64408588 -2.17188191 -0.47168800
3.64497399 -2.17241096 -0.45337299
3.64984989 -2.17531800 -0.43551701
3.86842990 -2.30559206 0.34401301
3.66091895 -2.18191504 0.34412301
3.47469306 -2.07092404 0.34423199
3.30664706 -1.97076797 0.34433901
3.74007797 -2.26374412 -1.16069400
3.72223210 -2.25294209 -1.13681602
3.71499300 -2.24856091 -1.11627901
3.71250391 -2.24705410 -1.09719706
3.71227598 -2.24691606 -1.07877505
3.71212792 -2.24682593 -1.06035697
3.71227098 -2.24691296 -1.04200304
3.71365809 -2.24775195 -1.02397001
3.71638989 -2.24940610 -1.00626802
3.75442910 -2.27242994 -0.99790400
3.79074192 -2.29440808 -0.98869300
3.78700399 -2.29214597 -0.96885401
3.78334808 -2.28993392 -0.94905502
3.77977490 -2.28777003 -0.92929500
3.77628303 -2.28565693 -0.90957201
3.77287102 -2.28359199 -0.88988501
3.76957798 -2.28159904 -0.87024301
3.76637411 -2.27965999 -0.85063797
3.76334310 -2.27782512 -0.83108699
3.76276803 -2.27747703 -0.81208003
3.76336288 -2.27783704 -0.79330999
3.75873899 -2.27503800 -0.77344501
3.64584208 -2.20670605 -0.73187703
3.63012600 -2.19719291 -0.71044999
3.61843491 -2.19011688 -0.68993503
3.61085796 -2.18553090 -0.67028898
3.60399699 -2.18137789 -0.65083498
3.59804511 -2.17777610 -0.63159800
3.59583306 -2.17643690 -0.61304700
3.59389305 -2.17526293 -0.59455103
3.59176493 -2.17397499 -0.57603300
3.58971906 -2.17273593 -0.55753899
3.58805609 -2.17172909 -0.53911197
3.58735204 -2.17130399 -0.52083099
3.58719897 -2.17121100 -0.50262499
3.58711505 -2.17115998 -0.48441899
3.58741808 -2.17134404 -0.46625599
3.58863592 -2.17208099 -0.44819501
3.59041095 -2.17315507 -0.43018001
3.59225702 -2.17427206 -0.41214600
3.59417701 -2.17543507 -0.39409399
3.59680009 -2.17702198 -0.37608901
3.60039496 -2.17919803 -0.35814601
3.60410595 -2.18144393 -0.34017101
3.60791206 -2.18374801 -0.32216001
3.61215091 -2.18631411 -0.30414101
3.61723590 -2.18939090 -0.28613901
3.62290001 -2.19282007 -0.26812401
3.62868190 -2.19631910 -0.25005299
3.64279604 -2.20486212 -0.23244999
3.62955189 -2.19684601 -0.02780600
3.62470698 -2.19391298 -0.00925600
3.62233806 -2.19247890 0.00925000
3.62081504 -2.19155693 0.02773900
3.61993003 -2.19102192 0.04622000
3.61911702 -2.19053006 0.06469300
3.61897111 -2.19044209 0.08317100
3.61974692 -2.19091105 0.10167200
3.62085390 -2.19158101 0.12019000
3.62202692 -2.19229102 0.13871901
3.62327194 -2.19304490 0.15726100
3.62458801 -2.19384098 0.17581600
3.62597394 -2.19467998 0.19438501
3.62742710 -2.19555998 0.21296801
3.62575603 -2.19454908 0.23136300
3.61788797 -2.18978596 0.24930900
3.60538793 -2.18221998 0.26682699
3.59354901 -2.17505503 0.28426600
3.59077311 -2.17337394 0.30234101
3.60841608 -2.18405294 0.32220501
3.58727789 -2.17125893 0.33858299
3.46044207 -2.09449005 0.34422499
3.29308796 -1.99319506 0.34433201
3.69212103 -2.26907396 -1.16880500
3.67152095 -2.25641298 -1.14414096
3.66120005 -2.25007010 -1.12281096
3.65815902 -2.24820089 -1.10375798
3.65728593 -2.24766493 -1.08535802
3.65705204 -2.24752092 -1.06713200
3.65664196 -2.24726892 -1.04883802
3.65544510 -2.24653411 -1.03030598
3.65448689 -2.24594402 -1.01183200
3.65330505 -2.24521804 -0.99328703
3.65112209 -2.24387693 -0.97446901
3.64853501 -2.24228692 -0.95554698
3.64551401 -2.24043012 -0.93652201
3.64197302 -2.23825407 -0.91737801
3.63802409 -2.23582697 -0.89815098
3.63396811 -2.23333406 -0.87892097
3.62878895 -2.23015094 -0.85944903
3.62331104 -2.22678399 -0.83994299
3.61787009 -2.22344089 -0.82048500
3.61114192 -2.21930599 -0.80078101
3.60417104 -2.21502209 -0.78107601
3.59726691 -2.21077895 -0.76143998
3.58770394 -2.20490193 -0.74131101
3.57773900 -2.19877696 -0.72118300
3.56803703 -2.19281507 -0.70119298
3.55976200 -2.18773007 -0.68156099
3.55299306 -2.18356895 -0.66228098
3.54650903 -2.17958403 -0.64310801
3.54179311 -2.17668605 -0.62430102
3.54158211 -2.17655611 -0.60630000
3.54698110 -2.17987394 -0.58922303
3.55586791 -2.18533611 -0.57264000
3.56265903 -2.18950891 -0.55563003
3.56105804 -2.18852496 -0.53727400
3.55952597 -2.18758392 -0.51893401
3.55822301 -2.18678308 -0.50063097
3.55731010 -2.18622208 -0.48238599
3.55646610 -2.18570304 -0.46414900
3.55568695 -2.18522501 -0.44592100
3.55503011 -2.18482089 -0.42770600
3.55479693 -2.18467808 -0.40953901
3.55542898 -2.18506598 -0.39146200
3.55670094 -2.18584800 -0.37343800
3.55805397 -2.18667889 -0.35540101
3.55947804 -2.18755388 -0.33735201
3.56097388 -2.18847394 -0.31928700
3.56260204 -2.18947506 -0.30121201
3.56481409 -2.19083405 -0.28316101
3.56832790 -2.19299412 -0.26517901
3.57319903 -2.19598699 -0.24725001
3.57904601 -2.19958091 -0.22932900
3.58587193 -2.20377588 -0.21140100
3.59339309 -2.20839810 -0.19343700
3.60101891 -2.21308494 -0.17539699
3.60273290 -2.21413803 -0.15701801
3.59729290 -2.21079493 -0.13834301
3.59131598 -2.20712209 -0.11970300
3.58617997 -2.20396495 -0.10114600
3.58175611 -2.20124602 -0.08265700
3.57741904 -2.19858098 -0.06421200
3.57373595 -2.19631696 -0.04582000
3.57092190 -2.19458795 -0.02747000
3.56839895 -2.19303703 -0.00915000
3.56608891 -2.19161701 0.00914400
3.56459093 -2.19069695 0.02742200
3.56376696 -2.19019008 0.04569200
3.56312490 -2.18979597 0.06395600
3.56312799 -2.18979812 0.08222700
3.56391597 -2.19028211 0.10051900
3.56502795 -2.19096589 0.11882700
3.56620693 -2.19168997 0.13714699
3.56745601 -2.19245791 0.15548000
3.56877494 -2.19326901 0.17382599
3.57016301 -2.19412088 0.19218600
3.57161498 -2.19501400 0.21056101
3.57042599 -2.19428301 0.22877701
3.56569600 -2.19137597 0.24673100
3.56032705 -2.18807697 0.26458499
3.55597901 -2.18540406 0.28246000
3.55595708 -2.18539095 0.30065000
3.56190896 -2.18904901 0.31937101
3.55475402 -2.18465090 0.33690399
3.44606900 -2.11785603 0.34421599
3.27941298 -2.01543498 0.34432399
3.65003204 -2.27732491 -1.17841601
3.62270498 -2.26027489 -1.15163898
3.61016393 -2.25244999 -1.12973702
3.60557294 -2.24958611 -1.11038697
3.60381889 -2.24849105 -1.09192097
3.60343909 -2.24825406 -1.07386100
3.60260105 -2.24773097 -1.05565095
3.60157490 -2.24709201 -1.03737402
3.60139394 -2.24697900 -1.01932704
3.60017991 -2.24622107 -1.00097501
3.59805202 -2.24489307 -0.98236603
3.59565902 -2.24340010 -0.96368903
3.59281898 -2.24162793 -0.94489998
3.58954811 -2.23958802 -0.92601103
3.58574891 -2.23721695 -0.90700299
3.58178806 -2.23474598 -0.88797498
3.57725310 -2.23191690 -0.86883199
3.57198596 -2.22863007 -0.84954298
3.56650305 -2.22520995 -0.83024102
3.56058693 -2.22151804 -0.81088001
3.55377793 -2.21726990 -0.79136401
3.54697108 -2.21302295 -0.77190202
3.53923798 -2.20819807 -0.75229800
3.52942610 -2.20207596 -0.73232698
3.51969099 -2.19600201 -0.71245599
3.51031303 -2.19015193 -0.69274098
3.50331593 -2.18578601 -0.67356598
3.49668694 -2.18164992 -0.65451801
3.49065995 -2.17789006 -0.63563502
3.48792505 -2.17618299 -0.61738300
3.48907804 -2.17690206 -0.59981602
3.49587107 -2.18114090 -0.58316702
3.50783706 -2.18860602 -0.56727397
3.52529812 -2.19950104 -0.55210799
3.54363203 -2.21093988 -0.53688598
3.54843807 -2.21393800 -0.51948601
3.54676199 -2.21289301 -0.50111097
3.54515505 -2.21188998 -0.48275301
3.54366493 -2.21095991 -0.46441799
3.54233789 -2.21013188 -0.44610900
3.54109812 -2.20935893 -0.42781600
3.53992605 -2.20862699 -0.40953600
3.53890204 -2.20798802 -0.39127600
3.53808498 -2.20747900 -0.37304100
3.53759193 -2.20717096 -0.35483900
3.53772306 -2.20725298 -0.33669499
3.53824806 -2.20758104 -0.31857899
3.53884101 -2.20795107 -0.30045801
3.53950691 -2.20836592 -0.28233001
3.54049993 -2.20898604 -0.26421499
3.54184103 -2.20982194 -0.24610800
3.54400206 -2.21117091 -0.22803600
3.54730296 -2.21322989 -0.21000400
3.55091405 -2.21548295 -0.19195201
3.55460191 -2.21778393 -0.17386200
3.55542111 -2.21829510 -0.15560500
3.55237007 -2.21639204 -0.13718800
3.54900002 -2.21428895 -0.11878900
3.54635000 -2.21263504 -0.10044200
3.54427791 -2.21134305 -0.08213500
3.54280996 -2.21042705 -0.06385800
3.54166508 -2.20971298 -0.04559900
3.54066610 -2.20908904 -0.02735200
3.53998804 -2.20866609 -0.00911600
3.53955793 -2.20839810 0.00911500
3.53919291 -2.20816994 0.02734100
3.53889608 -2.20798492 0.04556300
3.53872395 -2.20787692 0.06378400
3.53878093 -2.20791292 0.08200700
3.53916192 -2.20815110 0.10023900
3.53975296 -2.20851898 0.11847900
3.54041100 -2.20893002 0.13672601
3.54113603 -2.20938301 0.15498000
3.54192996 -2.20987797 0.17324200
3.54279089 -2.21041489 0.19151300
3.54372001 -2.21099496 0.20979200
3.54471111 -2.21161294 0.22808100
3.54886198 -2.21420288 0.24659599
3.55258298 -2.21652389 0.26511601
3.55359602 -2.21715593 0.28345400
3.55466700 -2.21782494 0.30180100
3.55947304 -2.22082305 0.32049099
3.54516411 -2.21189594 0.33740401
3.43158197 -2.14103007 0.34420601
3.26563191 -2.03748989 0.34431401
3.69999695 -2.34324288 -1.41871297
3.69002700 -2.33692908 -1.39682102
3.68900609 -2.33628297 -1.37834501
3.69572592 -2.34053802 -1.36270499
3.57699704 -2.26534605 -1.15973306
3.56196690 -2.25582695 -1.13713098
3.55470896 -2.25123096 -1.11710000
3.55178094 -2.24937701 -1.09845901
3.55125594 -2.24904394 -1.08055699
3.55003905 -2.24827290 -1.06243300
3.54992890 -2.24820399 -1.04462695
3.54933691 -2.24782896 -1.02666199
3.54822803 -2.24712610 -1.00853705
3.54630089 -2.24590611 -0.99017501
3.54410601 -2.24451590 -0.97174001
3.54145288 -2.24283600 -0.95318502
3.53840995 -2.24090791 -0.93453598
3.53483295 -2.23864293 -0.91576201
3.53089094 -2.23614693 -0.89691299
3.52696204 -2.23365903 -0.87809098
3.52198410 -2.23050594 -0.85903502
3.51643896 -2.22699404 -0.83987802
3.51090503 -2.22349000 -0.82076401
3.50458598 -2.21948695 -0.80150998
3.49788690 -2.21524501 -0.78222102
3.49124408 -2.21103811 -0.76299602
3.48227811 -2.20535994 -0.74332899
3.47267509 -2.19927812 -0.72360599
3.46321201 -2.19328499 -0.70399600
3.45489097 -2.18801498 -0.68469501
3.44830608 -2.18384504 -0.66580099
3.44182897 -2.17974305 -0.64698100
3.43603611 -2.17607403 -0.62834102
3.43308210 -2.17420292 -0.61025202
3.42982197 -2.17213893 -0.59212899
3.42663693 -2.17012191 -0.57404101
3.42364502 -2.16822696 -0.55600601
3.42135310 -2.16677499 -0.53810102
3.41999698 -2.16591692 -0.52035099
3.41877890 -2.16514492 -0.50262600
3.41762805 -2.16441607 -0.48491299
3.41681910 -2.16390395 -0.46724999
3.41681004 -2.16389799 -0.44969100
3.41721702 -2.16415596 -0.43217599
3.41769099 -2.16445589 -0.41465700
3.41891599 -2.16523194 -0.39721301
3.42387295 -2.16837096 -0.38016301
3.47281504 -2.19936705 -0.36771101
3.53315401 -2.23758006 -0.35589701
3.53188705 -2.23677802 -0.33756500
3.53070688 -2.23603010 -0.31924799
3.52988005 -2.23550606 -0.30096799
3.52944708 -2.23523211 -0.28272101
3.52908301 -2.23500204 -0.26447901
3.52878404 -2.23481297 -0.24624000
3.52887011 -2.23486710 -0.22802500
3.52965093 -2.23536110 -0.20984501
3.53079891 -2.23608899 -0.19167399
3.53201699 -2.23686004 -0.17349000
3.53394794 -2.23808289 -0.15532100
3.53537703 -2.23898792 -0.13711099
3.53510809 -2.23881698 -0.11882600
3.53445911 -2.23840594 -0.10053000
3.53396797 -2.23809505 -0.08224300
3.53367305 -2.23790789 -0.06396300
3.53348207 -2.23778796 -0.04568600
3.53335810 -2.23770905 -0.02741100
3.53330207 -2.23767304 -0.00913700
3.53331208 -2.23767996 0.00913700
3.53339005 -2.23772907 0.02741100
3.53353405 -2.23781991 0.04568700
3.53374290 -2.23795295 0.06396400
3.53401899 -2.23812795 0.08224400
3.53436303 -2.23834491 0.10052700
3.53477311 -2.23860598 0.11881400
3.53525209 -2.23890901 0.13710600
3.53579807 -2.23925400 0.15540300
3.53641105 -2.23964310 0.17370600
3.53709197 -2.24007392 0.19201501
3.53784108 -2.24054790 0.21033201
3.53956389 -2.24163890 0.22871600
3.47265601 -2.19926596 0.24232399
3.40599990 -2.15705204 0.25525501
3.39323211 -2.14896607 0.27181000
3.38394904 -2.14308691 0.28852499
3.38494706 -2.14371896 0.30606899
3.46132207 -2.19208789 0.33082101
3.41764593 -2.16442704 0.34426099
3.25234389 -2.05974007 0.34436700
3.65436006 -2.34881806 -1.42516601
3.64344001 -2.34179902 -1.40301704
3.63996100 -2.33956289 -1.38377702
3.64095402 -2.34020090 -1.36622298
3.64769101 -2.34453106 -1.35075998
3.65708995 -2.35057211 -1.33617699
3.66869998 -2.35803390 -1.32227302
3.67677093 -2.36322188 -1.30697095
3.65128589 -2.34684205 -1.27980196
3.63518500 -2.33649302 -1.25610399
3.61883712 -2.32598591 -1.23245895
3.57840395 -2.29999709 -1.20086896
3.53542709 -2.27237391 -1.16881895
3.51565289 -2.25966501 -1.14473104
3.50554490 -2.25316811 -1.12391698
3.50164294 -2.25065994 -1.10514104
3.50013709 -2.24969196 -1.08712804
3.49989295 -2.24953508 -1.06949401
3.49962592 -2.24936295 -1.05183601
3.49866390 -2.24874496 -1.03395498
3.49759698 -2.24805903 -1.01603305
3.49583006 -2.24692297 -0.99790299
3.49368691 -2.24554610 -0.97966599
3.49127412 -2.24399495 -0.96135801
3.48836708 -2.24212599 -0.94292200
3.48506689 -2.24000502 -0.92439401
3.48125100 -2.23755288 -0.90574700
3.47733498 -2.23503590 -0.88709599
3.47293806 -2.23220992 -0.86834699
3.46766496 -2.22882009 -0.84941202
3.46268106 -2.22561693 -0.83058399
3.45769501 -2.22241211 -0.81178999
3.45131612 -2.21831203 -0.79271102
3.44475603 -2.21409607 -0.77364200
3.43922091 -2.21053791 -0.75484902
3.43242598 -2.20617104 -0.73582900
3.42564106 -2.20180988 -0.71686602
3.41916609 -2.19764805 -0.69802201
3.41277003 -2.19353700 -0.67924702
3.40111208 -2.18604398 -0.65950400
3.38747597 -2.17727900 -0.63949400
3.38422108 -2.17518711 -0.62151903
3.38111997 -2.17319393 -0.60359198
3.37808800 -2.17124510 -0.58569801
3.37512398 -2.16933990 -0.56783599
3.37236094 -2.16756392 -0.55002499
3.37026596 -2.16621804 -0.53233802
3.36879301 -2.16527104 -0.51475799
3.36738300 -2.16436505 -0.49719200
3.36606908 -2.16352010 -0.47964501
3.36536288 -2.16306710 -0.46218601
3.36568999 -2.16327691 -0.44486201
3.36611509 -2.16354990 -0.42753899
3.36660695 -2.16386604 -0.41021100
3.36728096 -2.16429901 -0.39289099
3.36865401 -2.16518211 -0.37563500
3.37076497 -2.16653895 -0.35843599
3.37294602 -2.16794109 -0.34121501
3.37520409 -2.16939211 -0.32397300
3.37786198 -2.17109990 -0.30673701
3.38127089 -2.17329097 -0.28953299
3.38509607 -2.17575002 -0.27232099
3.38908100 -2.17831111 -0.25507599
3.39314389 -2.18092203 -0.23779000
3.39785290 -2.18394995 -0.22050001
3.40337610 -2.18749905 -0.20320500
3.46276093 -2.22566795 -0.18878600
3.52447009 -2.26533198 -0.17386100
3.52530503 -2.26586795 -0.15560600
3.46494889 -2.22707510 -0.13495500
3.39776993 -2.18389606 -0.11469900
3.39250112 -2.18050909 -0.09690600
3.38760400 -2.17736101 -0.07917500
3.38278198 -2.17426205 -0.06149400
3.37872505 -2.17165494 -0.04387300
3.37547207 -2.16956401 -0.02629900
3.37230992 -2.16753101 -0.00875800
3.36943102 -2.16568089 0.00875100
3.36731696 -2.16432309 0.02623500
3.36573005 -2.16330194 0.04370400
3.36422491 -2.16233492 0.06115700
3.36319590 -2.16167402 0.07860400
3.36298490 -2.16153789 0.09606300
3.36317205 -2.16165805 0.11353100
3.36342692 -2.16182208 0.13100100
3.36375308 -2.16203189 0.14847501
3.36414599 -2.16228390 0.16595300
3.36460304 -2.16257811 0.18343399
3.36512494 -2.16291404 0.20092100
3.36571002 -2.16329002 0.21841399
3.36245489 -2.16119790 0.23564000
3.35452700 -2.15610194 0.25247499
3.34503698 -2.15000200 0.26909801
3.33871198 -2.14593601 0.28588799
3.33924699 -2.14628005 0.30323100
3.35159302 -2.15421605 0.32170701
3.34232402 -2.14825797 0.33811799
3.23833609 -2.08142090 0.34435400
3.63411188 -2.37025309 -1.44130695
3.62014699 -2.36114502 -1.41794205
3.61442995 -2.35741591 -1.39787698
3.61188102 -2.35575294 -1.37905300
3.61244202 -2.35611892 -1.36139905
3.61466193 -2.35756707 -1.34432995
3.61927891 -2.36057806 -1.32809401
3.62530088 -2.36450601 -1.31229401
3.61581993 -2.35832191 -1.29087496
3.60412407 -2.35069394 -1.26874697
3.59395289 -2.34405994 -1.24723899
3.55297303 -2.31733203 -1.21527195
3.49584103 -2.28006911 -1.17824697
3.47311997 -2.26524997 -1.15319705
3.46049309 -2.25701499 -1.13165402
3.45573902 -2.25391412 -1.11275005
3.45459509 -2.25316691 -1.09501803
3.45389795 -2.25271297 -1.07741594
3.45339108 -2.25238204 -1.05985796
3.45289898 -2.25206089 -1.04228997
3.45247602 -2.25178504 -1.02472699
3.45215893 -2.25157905 -1.00717998
3.45147800 -2.25113511 -0.98951298
3.44951892 -2.24985695 -0.97147399
3.44705701 -2.24825096 -0.95329601
3.44466591 -2.24669194 -0.93514597
3.44271994 -2.24542189 -0.91711903
3.44051909 -2.24398708 -0.89902902
3.43751311 -2.24202609 -0.88073802
3.43435097 -2.23996401 -0.86242098
3.43125892 -2.23794794 -0.84413701
3.42783093 -2.23571205 -0.82578802
3.42288804 -2.23248792 -0.80710101
3.41764402 -2.22906709 -0.78837901
3.41276503 -2.22588491 -0.76977903
3.40776205 -2.22262192 -0.75118601
3.40160489 -2.21860600 -0.73238200
3.39687490 -2.21552205 -0.71392697
3.39154696 -2.21204710 -0.69538498
3.37340593 -2.20021391 -0.67432201
3.36218905 -2.19289804 -0.65478200
3.35428691 -2.18774509 -0.63597298
3.35194802 -2.18621898 -0.61826003
3.34990501 -2.18488693 -0.60061198
3.34792995 -2.18359804 -0.58298498
3.34601998 -2.18235302 -0.56537902
3.34417701 -2.18115091 -0.54779202
3.34239888 -2.17999101 -0.53022498
3.34062290 -2.17883205 -0.51266599
3.33875489 -2.17761397 -0.49510199
3.33695197 -2.17643809 -0.47755700
3.33521605 -2.17530608 -0.46003100
3.33355093 -2.17422009 -0.44252399
3.33221102 -2.17334604 -0.42506701
3.33167410 -2.17299604 -0.40771401
3.33186603 -2.17312098 -0.39044401
3.33238792 -2.17346191 -0.37320200
3.33299303 -2.17385602 -0.35595500
3.33365512 -2.17428803 -0.33870199
3.33438301 -2.17476296 -0.32144201
3.33517599 -2.17528009 -0.30417401
3.33635592 -2.17604899 -0.28692499
3.33810592 -2.17719102 -0.26970401
3.34010792 -2.17849708 -0.25248000
3.34302306 -2.18039799 -0.23529300
3.34765506 -2.18341899 -0.21818399
3.35321593 -2.18704605 -0.20107800
3.35892105 -2.19076705 -0.18391800
3.36209702 -2.19283891 -0.16656999
3.35913706 -2.19090796 -0.14891399
3.35264707 -2.18667507 -0.13114700
3.34668398 -2.18278599 -0.11346400
3.34152603 -2.17942190 -0.09586400
3.33756495 -2.17683792 -0.07834300
3.33469892 -2.17496800 -0.06088300
3.33224702 -2.17336988 -0.04345700
3.33014798 -2.17199993 -0.02605800
3.32836390 -2.17083693 -0.00868100
3.32701397 -2.16995692 0.00867800
3.32600808 -2.16930103 0.02602600
3.32504296 -2.16867089 0.04336300
3.32413006 -2.16807604 0.06069000
3.32351995 -2.16767812 0.07801400
3.32346106 -2.16763902 0.09534500
3.32370496 -2.16779804 0.11268500
3.32401109 -2.16799808 0.13002700
3.32438397 -2.16824102 0.14737301
3.32484508 -2.16854191 0.16472501
3.32538891 -2.16889691 0.18208200
3.32599711 -2.16929293 0.19944599
3.32666802 -2.16973090 0.21681599
3.32738709 -2.17019892 0.23419300
3.32764506 -2.17036796 0.25153700
3.32740307 -2.17020988 0.26883999
3.32778811 -2.17046094 0.28618801
3.32884502 -2.17115092 0.30359599
3.33435702 -2.17474604 0.32143900
3.32478309 -2.16850209 0.33780101
3.22422290 -2.10291409 0.34433901
3.61480403 -2.39209390 -1.43992996
3.60500789 -2.38561106 -1.41819799
3.59917903 -2.38175392 -1.39807701
3.59633207 -2.37986994 -1.37913203
3.59531498 -2.37919688 -1.36088002
3.59601688 -2.37966108 -1.34325504
3.59788489 -2.38089705 -1.32602704
3.59992099 -2.38224506 -1.30881596
3.59303808 -2.37769008 -1.28836203
3.58486509 -2.37228107 -1.26749599
3.54446197 -2.34554505 -1.23545301
3.47278905 -2.29811502 -1.19304895
3.44928789 -2.28256392 -1.16764998
3.43737793 -2.27468204 -1.14632905
3.43055606 -2.27016711 -1.12677801
3.42697906 -2.26780009 -1.10832405
3.42401099 -2.26583600 -1.09007800
3.42170906 -2.26431298 -1.07205105
3.42201996 -2.26451898 -1.05483103
3.42246604 -2.26481390 -1.03762901
3.42297006 -2.26514792 -1.02042103
3.42351007 -2.26550508 -1.00319803
3.42363691 -2.26558900 -0.98583102
3.42258501 -2.26489305 -0.96811098
3.42091990 -2.26379108 -0.95021302
3.41937208 -2.26276588 -0.93234497
3.41818094 -2.26197791 -0.91457200
3.41661406 -2.26094103 -0.89669400
3.41417789 -2.25932908 -0.87859100
3.41154289 -2.25758600 -0.86044699
3.40897608 -2.25588703 -0.84232903
3.40613008 -2.25400400 -0.82415497
3.40255189 -2.25163603 -0.80581999
3.39842296 -2.24890304 -0.78737998
3.39366198 -2.24575305 -0.76882303
3.38889694 -2.24259901 -0.75029999
3.38420510 -2.23949504 -0.73182797
3.38063908 -2.23713493 -0.71362799
3.36529303 -2.22697997 -0.69302398
3.35199904 -2.21818209 -0.67297798
3.34488392 -2.21347404 -0.65426600
3.34001207 -2.21024990 -0.63604099
3.33730412 -2.20845795 -0.61825502
3.33466411 -2.20671105 -0.60049802
3.33211493 -2.20502400 -0.58277297
3.32982707 -2.20351005 -0.56510800
3.32795191 -2.20227003 -0.54752302
3.32614398 -2.20107293 -0.52995801
3.32439995 -2.19991899 -0.51241100
3.32272410 -2.19880891 -0.49488300
3.32112098 -2.19774890 -0.47737399
3.31958294 -2.19673109 -0.45988101
3.31810999 -2.19575596 -0.44240400
3.31677008 -2.19487000 -0.42495099
3.31571507 -2.19417095 -0.40753800
3.31488204 -2.19361997 -0.39015499
3.31411409 -2.19311190 -0.37278101
3.31340909 -2.19264507 -0.35541400
3.31292295 -2.19232392 -0.33807001
3.31280899 -2.19224811 -0.32076100
3.31294394 -2.19233799 -0.30346999
3.31339788 -2.19263792 -0.28619900
3.31411600 -2.19311404 -0.26893899
3.31496000 -2.19367194 -0.25167599
3.31625605 -2.19452906 -0.23443200
3.31808496 -2.19573998 -0.21720400
3.32040691 -2.19727612 -0.19998300
3.32316303 -2.19910002 -0.18275800
3.32454395 -2.20001411 -0.16543099
3.32249808 -2.19865990 -0.14793500
3.31922412 -2.19649410 -0.13040900
3.31721997 -2.19516706 -0.11295800
3.31569910 -2.19416094 -0.09553900
3.31425905 -2.19320798 -0.07813700
3.31287789 -2.19229388 -0.06075000
3.31156611 -2.19142604 -0.04337600
3.31053710 -2.19074512 -0.02601800
3.30987597 -2.19030690 -0.00867100
3.30937409 -2.18997502 0.00867000
3.30905008 -2.18976092 0.02600600
3.30893302 -2.18968296 0.04334200
3.30892110 -2.18967605 0.06067700
3.30907607 -2.18977809 0.07801500
3.30940104 -2.18999290 0.09535800
3.30979609 -2.19025493 0.11270500
3.31024599 -2.19055295 0.13005599
3.31075311 -2.19088793 0.14741200
3.31132197 -2.19126511 0.16477300
3.31195498 -2.19168305 0.18214101
3.31264997 -2.19214296 0.19951600
3.31341004 -2.19264603 0.21689799
3.31423306 -2.19319105 0.23428901
3.31886292 -2.19625497 0.25197300
3.32545495 -2.20061707 0.26985899
3.32852793 -2.20265007 0.28750601
3.32962608 -2.20337701 0.30499801
3.33834505 -2.20914698 0.32323399
3.31913304 -2.19643307 0.33870399
3.21000791 -2.12421989 0.34432301
3.61115003 -2.42424512 -1.44484305
3.60042691 -2.41704607 -1.42266703
3.59506011 -2.41344404 -1.40266097
3.59189391 -2.41131806 -1.38352799
3.58952403 -2.40972710 -1.36470401
3.58788395 -2.40862608 -1.34615099
3.58720398 -2.40816903 -1.32794404
3.58793402 -2.40865898 -1.31023395
3.58530593 -2.40689492 -1.29128098
3.58010197 -2.40340209 -1.27141595
3.53000093 -2.36976790 -1.23585999
3.44066191 -2.30979300 -1.18724597
3.41502810 -2.29258394 -1.16117096
3.40013695 -2.28258801 -1.13893104
3.39247704 -2.27744508 -1.11920500
3.38995790 -2.27575397 -1.10120499
3.39105296 -2.27648902 -1.08436596
3.39508295 -2.27919412 -1.06841803
3.40330291 -2.28471303 -1.05370700
3.40423894 -2.28534102 -1.03667295
3.40521502 -2.28599596 -1.01962197
3.40613008 -2.28660989 -1.00252402
3.40652204 -2.28687310 -0.98524600
3.40576506 -2.28636503 -0.96761900
3.40475798 -2.28569007 -0.94991100
3.40382195 -2.28506088 -0.93221498
3.40294695 -2.28447390 -0.91452700
3.40184593 -2.28373504 -0.89677101
3.40008497 -2.28255200 -0.87883902
3.39807296 -2.28120208 -0.86084402
3.39612603 -2.27989507 -0.84287000
3.39378500 -2.27832294 -0.82480401
3.39033508 -2.27600694 -0.80648202
3.38668990 -2.27356005 -0.78813601
3.38311791 -2.27116203 -0.76982802
3.37984204 -2.26896310 -0.75160903
3.37673712 -2.26687789 -0.73344600
3.37340689 -2.26464295 -0.71525401
3.35426307 -2.25179100 -0.69381100
3.34461403 -2.24531293 -0.67446899
3.33953691 -2.24190497 -0.65611202
3.33706498 -2.24024606 -0.63829398
3.33474803 -2.23868990 -0.62051702
3.33250093 -2.23718190 -0.60276598
3.33032107 -2.23571801 -0.58503801
3.32820702 -2.23429894 -0.56733400
3.32615900 -2.23292398 -0.54965103
3.32417798 -2.23159409 -0.53198999
3.32226801 -2.23031211 -0.51435000
3.32043099 -2.22907901 -0.49673200
3.31866288 -2.22789192 -0.47913301
3.31696010 -2.22674894 -0.46155199
3.31532192 -2.22564912 -0.44398901
3.31374907 -2.22459292 -0.42644301
3.31224108 -2.22358108 -0.40891400
3.31079602 -2.22261095 -0.39140001
3.30941606 -2.22168398 -0.37390101
3.30809903 -2.22079992 -0.35641599
3.30689692 -2.21999311 -0.33895001
3.30598807 -2.21938300 -0.32151800
3.30535293 -2.21895695 -0.30411500
3.30478096 -2.21857309 -0.28671899
3.30426002 -2.21822309 -0.26932701
3.30379105 -2.21790791 -0.25193900
3.30338097 -2.21763301 -0.23455600
3.30312705 -2.21746206 -0.21718200
3.30329895 -2.21757793 -0.19983400
3.30393291 -2.21800303 -0.18250500
3.30516410 -2.21883011 -0.16519500
3.30701303 -2.22007108 -0.14789701
3.30866790 -2.22118211 -0.13056999
3.30911708 -2.22148299 -0.11318100
3.30872703 -2.22122192 -0.09576100
3.30840993 -2.22100902 -0.07834500
3.30816889 -2.22084689 -0.06093200
3.30799294 -2.22072911 -0.04352100
3.30787992 -2.22065306 -0.02611200
3.30783010 -2.22061992 -0.00870400
3.30784297 -2.22062802 0.00870400
3.30791712 -2.22067809 0.02611200
3.30805206 -2.22076893 0.04352200
3.30824995 -2.22090101 0.06093300
3.30851007 -2.22107601 0.07834700
3.30883288 -2.22129297 0.09576400
3.30921602 -2.22154999 0.11318400
3.30966091 -2.22184896 0.13060901
3.31027007 -2.22225809 0.14804301
3.31134510 -2.22297907 0.16550399
3.31354308 -2.22445512 0.18303500
3.31772089 -2.22726011 0.20070601
3.32578492 -2.23267293 0.21867201
3.32863307 -2.23458505 0.23634900
3.32735205 -2.23372507 0.25373599
3.32830906 -2.23436689 0.27128699
3.32934189 -2.23506093 0.28884900
3.33058310 -2.23589396 0.30643600
3.37808299 -2.26778197 0.32853001
3.34021592 -2.24236107 0.34236500
3.19569206 -2.14533901 0.34430501
3.61181903 -2.45944500 -1.45157695
3.60035205 -2.45163608 -1.42900300
3.59529495 -2.44819188 -1.40902901
3.59182000 -2.44582701 -1.38969004
3.58917189 -2.44402289 -1.37067604
3.58726192 -2.44272304 -1.35194004
3.58637595 -2.44211888 -1.33357799
3.58610892 -2.44193792 -1.31542695
3.58682799 -2.44242811 -1.29761004
3.58828092 -2.44341707 -1.28002298
3.52154899 -2.39797592 -1.23841798
3.39727497 -2.31335306 -1.17752004
3.37238693 -2.29640508 -1.15180302
3.36055303 -2.28834701 -1.13070798
3.35555696 -2.28494501 -1.11197805
3.35428309 -2.28407693 -1.09449196
3.34911394 -2.28055692 -1.07574701
3.34263206 -2.27614307 -1.05661905
3.33635807 -2.27187109 -1.03760099
3.33099008 -2.26821589 -1.01890600
3.32592511 -2.26476693 -1.00033605
3.32093501 -2.26136899 -0.98182201
3.31644106 -2.25830889 -0.96348399
3.31281400 -2.25583911 -0.94542098
3.30922890 -2.25339794 -0.92738998
3.30576992 -2.25104189 -0.90941203
3.30298901 -2.24914908 -0.89163601
3.30079794 -2.24765706 -0.87402701
3.29868603 -2.24621892 -0.85644400
3.29643202 -2.24468398 -0.83883101
3.29361105 -2.24276304 -0.82108402
3.29064488 -2.24074292 -0.80331498
3.28776693 -2.23878407 -0.78558302
3.28576708 -2.23742199 -0.76807100
3.28400612 -2.23622203 -0.75061899
3.28230906 -2.23506689 -0.73318499
3.28121305 -2.23432112 -0.71588701
3.28057194 -2.23388410 -0.69868201
3.28003693 -2.23352003 -0.68149400
3.27981305 -2.23336792 -0.66436100
3.28030705 -2.23370409 -0.64735901
3.28085899 -2.23407888 -0.63035101
3.28161407 -2.23459411 -0.61336201
3.28319407 -2.23567009 -0.59650499
3.29438710 -2.24329209 -0.58131498
3.31749201 -2.25902510 -0.56803697
3.27627802 -2.23095989 -0.54382998
3.26865506 -2.22576904 -0.52544498
3.26232791 -2.22146106 -0.50733000
3.25749397 -2.21816897 -0.48949701
3.25442505 -2.21607900 -0.47196099
3.25239301 -2.21469593 -0.45459300
3.25170398 -2.21422696 -0.43741801
3.25415111 -2.21589303 -0.42064700
3.27856708 -2.23251891 -0.40656799
3.31161094 -2.25501990 -0.39324799
3.31023002 -2.25408006 -0.37566599
3.30891395 -2.25318289 -0.35809901
3.30766106 -2.25233006 -0.34054500
3.30646896 -2.25151896 -0.32300401
3.30533600 -2.25074697 -0.30547401
3.30426502 -2.25001788 -0.28795600
3.30325794 -2.24933195 -0.27045000
3.30231404 -2.24868894 -0.25295299
3.30143404 -2.24809003 -0.23546600
3.30061698 -2.24753404 -0.21798800
3.30001998 -2.24712706 -0.20052800
3.29973102 -2.24692988 -0.18308800
3.29957891 -2.24682689 -0.16565400
3.30068302 -2.24757791 -0.14827500
3.30571008 -2.25100088 -0.13103700
3.30967999 -2.25370502 -0.11370600
3.30952096 -2.25359702 -0.09621200
3.30921197 -2.25338602 -0.07871400
3.30896497 -2.25321794 -0.06121900
3.30878401 -2.25309491 -0.04372600
3.30866909 -2.25301695 -0.02623500
3.30861592 -2.25298095 -0.00874500
3.30890608 -2.25317788 0.00874600
3.30954909 -2.25361609 0.02624200
3.31027699 -2.25411201 0.04374600
3.31201100 -2.25529194 0.06127600
3.31524611 -2.25749493 0.07885800
3.33490300 -2.27088094 0.25544900
3.32908893 -2.26692200 0.27256501
3.33012390 -2.26762605 0.29021001
3.33122396 -2.26837492 0.30786699
3.33943892 -2.27396989 0.32622400
3.30283594 -2.24904490 0.34004799
3.18187809 -2.16667891 0.34435099
3.60244894 -2.48790312 -1.43629897
3.59573293 -2.48326492 -1.41557097
3.59186006 -2.48059011 -1.39598799
3.58889294 -2.47854090 -1.37676501
3.58667898 -2.47701192 -1.35783100
3.58553505 -2.47622204 -1.33929300
3.58496094 -2.47582507 -1.32095098
3.58531189 -2.47606802 -1.30292499
3.58656311 -2.47693205 -1.28519404
3.50413990 -2.42000890 -1.23786700
3.35947800 -2.32010293 -1.16968298
3.34182906 -2.30791497 -1.14652598
3.33232498 -2.30135107 -1.12627900
3.32698298 -2.29766202 -1.10749304
3.32234502 -2.29445910 -1.08897102
3.31744909 -2.29107809 -1.07039297
3.31296897 -2.28798389 -1.05197704
3.30860400 -2.28497005 -1.03362203
3.30431795 -2.28200889 -1.01531601
3.30016494 -2.27914095 -0.99707597
3.29628110 -2.27645898 -0.97893900
3.29252601 -2.27386498 -0.96086103
3.28894591 -2.27139306 -0.94285297
3.28556204 -2.26905608 -0.92492002
3.28222489 -2.26675200 -0.90701699
3.27898908 -2.26451612 -0.88915801
3.27587199 -2.26236391 -0.87134802
3.27282405 -2.26025891 -0.85357100
3.27077603 -2.25884509 -0.83606601
3.27048111 -2.25864100 -0.81900400
3.26836991 -2.25718307 -0.80148500
3.26551795 -2.25521302 -0.78379399
3.26281810 -2.25334907 -0.76615399
3.26020288 -2.25154305 -0.74854702
3.25764894 -2.24977899 -0.73096699
3.25515389 -2.24805593 -0.71341199
3.25277305 -2.24641204 -0.69589400
3.25061703 -2.24492192 -0.67843401
3.24899697 -2.24380398 -0.66109401
3.24750710 -2.24277496 -0.64378297
3.24607992 -2.24178910 -0.62648797
3.24484301 -2.24093509 -0.60923100
3.24434590 -2.24059200 -0.59211099
3.24412489 -2.24043894 -0.57503402
3.24252701 -2.23933506 -0.55771101
3.23876500 -2.23673797 -0.54003400
3.23622203 -2.23498106 -0.52258301
3.23424602 -2.23361611 -0.50523698
3.23246002 -2.23238301 -0.48793101
3.23073602 -2.23119211 -0.47064301
3.22907090 -2.23004293 -0.45337299
3.22748399 -2.22894692 -0.43612301
3.22675490 -2.22844291 -0.41899201
3.26001096 -2.25141001 -0.40609401
3.31241202 -2.28759909 -0.39512101
3.31103706 -2.28664899 -0.37745601
3.30972505 -2.28574300 -0.35980600
3.30847812 -2.28488207 -0.34216899
3.30729389 -2.28406405 -0.32454500
3.30616999 -2.28328800 -0.30693299
3.30509996 -2.28254890 -0.28933099
3.30408907 -2.28185105 -0.27174100
3.30314302 -2.28119802 -0.25415999
3.30245090 -2.28072000 -0.23660401
3.30205894 -2.28044891 -0.21907000
3.30179405 -2.28026605 -0.20154300
3.30186510 -2.28031492 -0.18403500
3.30224109 -2.28057504 -0.16653700
3.30447888 -2.28211999 -0.14911599
3.30982709 -2.28581405 -0.13179301
3.31365299 -2.28845596 -0.11435800
3.31524897 -2.28955793 -0.09681400
3.31949306 -2.29248905 -0.07931600
3.93424201 -2.71704412 0.30272001
3.33477712 -2.30304503 0.27426499
3.33093596 -2.30039191 0.29159299
3.33202910 -2.30114698 0.30933300
3.33593607 -2.30384493 0.32735500
3.29136992 -2.27306700 0.34040001
3.16736388 -2.18742704 0.34432900
3.59686089 -2.51901007 -1.42248297
3.59193301 -2.51555896 -1.40239298
3.58862996 -2.51324606 -1.38295197
3.58624506 -2.51157498 -1.36386800
3.58464098 -2.51045203 -1.34507406
3.58385491 -2.50990105 -1.32657397
3.58394003 -2.50996089 -1.30837500
3.58494091 -2.51066208 -1.29048002
3.50424600 -2.45414901 -1.24355805
3.36061907 -2.35356212 -1.17542505
3.33966208 -2.33888412 -1.15101504
3.32837510 -2.33098006 -1.13008201
3.32211590 -2.32659602 -1.11092401
3.31783795 -2.32360005 -1.09246099
3.31382799 -2.32079196 -1.07410800
3.30989289 -2.31803608 -1.05579996
3.30603290 -2.31533289 -1.03753603
3.30225706 -2.31268811 -1.01931798
3.29855299 -2.31009507 -1.00114095
3.29491901 -2.30754900 -0.98300302
3.29135203 -2.30505109 -0.96490502
3.28784990 -2.30259895 -0.94684398
3.28441906 -2.30019593 -0.92882103
3.28105807 -2.29784203 -0.91083503
3.27777195 -2.29554009 -0.89288801
3.27456188 -2.29329300 -0.87497801
3.27142310 -2.29109406 -0.85710299
3.26834989 -2.28894210 -0.83926100
3.26583505 -2.28718090 -0.82157600
3.26621008 -2.28744411 -0.80461299
3.26562095 -2.28703094 -0.78739899
3.26309705 -2.28526306 -0.76971900
3.26034093 -2.28333306 -0.75199801
3.25765300 -2.28145099 -0.73430598
3.25502801 -2.27961206 -0.71664202
3.25246596 -2.27781796 -0.69900602
3.24996805 -2.27606893 -0.68139702
3.24753594 -2.27436590 -0.66381502
3.24517703 -2.27271295 -0.64625901
3.24288607 -2.27110910 -0.62873000
3.24066305 -2.26955199 -0.61122602
3.23850489 -2.26803994 -0.59374499
3.23641109 -2.26657391 -0.57628697
3.23438096 -2.26515293 -0.55885100
3.23405910 -2.26492691 -0.54171199
3.23688602 -2.26690698 -0.52507699
3.23505211 -2.26562309 -0.50767100
3.23326302 -2.26436901 -0.49028099
3.23153400 -2.26315808 -0.47290999
3.22988296 -2.26200199 -0.45555800
3.22828603 -2.26088405 -0.43822300
3.22676611 -2.25981903 -0.42090699
3.26089001 -2.28371692 -0.40805900
3.31687903 -2.32292891 -0.39746100
3.31573796 -2.32212901 -0.37971899
3.31495690 -2.32158303 -0.36201999
3.31518102 -2.32173991 -0.34442800
3.31617999 -2.32243896 -0.32690299
3.31724501 -2.32318497 -0.30936700
3.31837511 -2.32397604 -0.29181999
3.77766705 -2.64563489 0.31210801
3.33300996 -2.33422494 0.29310700
3.33283210 -2.33410096 0.31082100
3.33628106 -2.33651710 0.32888499
3.28274393 -2.29902291 0.34105799
3.15276194 -2.20799208 0.34430701
3.37252903 -2.39493990 -1.18504500
3.34420800 -2.37482810 -1.15791202
3.33072591 -2.36525393 -1.13610995
3.32328510 -2.35997009 -1.11645401
3.31868005 -2.35669994 -1.09779203
3.31465006 -2.35383797 -1.07934296
3.31071401 -2.35104299 -1.06094599
3.30685711 -2.34830403 -1.04259396
3.30307889 -2.34562111 -1.02428603
3.29937410 -2.34298992 -1.00602102
3.29573894 -2.34040904 -0.98779500
3.29217196 -2.33787608 -0.96960902
3.28867006 -2.33538890 -0.95146000
3.28524089 -2.33295393 -0.93335003
3.28187990 -2.33056688 -0.91527700
3.27858710 -2.32822895 -0.89723998
3.27536988 -2.32594395 -0.87924099
3.27222395 -2.32370996 -0.86127698
3.26914310 -2.32152200 -0.84334701
3.26708508 -2.32006097 -0.82569098
3.26853395 -2.32108998 -0.80890900
3.26675010 -2.31982303 -0.79131401
3.26392794 -2.31781912 -0.77347600
3.26117301 -2.31586289 -0.75566798
3.25848508 -2.31395411 -0.73789001
3.25586104 -2.31208992 -0.72014099
3.25329804 -2.31027007 -0.70241803
3.25103593 -2.30866408 -0.68477303
3.24887490 -2.30712891 -0.66715902
3.24669409 -2.30557990 -0.64955097
3.24473596 -2.30418992 -0.63199800
3.24362302 -2.30340004 -0.61461300
3.23963404 -2.30056691 -0.54515499
3.23771000 -2.29920101 -0.52763999
3.23661208 -2.29842091 -0.51026499
3.23589301 -2.29790998 -0.49294901
3.23249793 -2.29549909 -0.47523800
3.23068500 -2.29421210 -0.45777899
3.22909904 -2.29308605 -0.44036099
3.22760105 -2.29202199 -0.42296299
3.77536798 -2.68100905 0.31336099
3.33884311 -2.37101793 0.29497799
3.33369398 -2.36736202 0.31233901
3.33713698 -2.36980700 0.33048999
3.27479005 -2.32553291 0.34180501
3.13863301 -2.22884297 0.34435001
3.34995508 -2.41203189 -1.16534102
3.33351207 -2.40019298 -1.14239204
3.32459593 -2.39377403 -1.12213194
3.31957006 -2.39015388 -1.10323501
3.31549001 -2.38721704 -1.08467901
3.31155491 -2.38438296 -1.06619096
3.30769801 -2.38160610 -1.04774904
3.30391598 -2.37888288 -1.02935004
3.30021095 -2.37621593 -1.01099396
3.29657602 -2.37359810 -0.99267900
3.29300904 -2.37103009 -0.97440302
3.28959799 -2.36857390 -0.95619100
3.28663802 -2.36644292 -0.93812501
3.28476906 -2.36509705 -0.92037803
3.23501706 -2.32927489 -0.49512601
3.23431396 -2.32876897 -0.47773501
3.63614988 -2.61809802 0.32275099
3.33628988 -2.40219307 0.31404799
3.34021711 -2.40502095 0.33234599
3.26794696 -2.35298491 0.34268999
3.32800603 -2.42952704 -1.12863600
3.32087207 -2.42431903 -1.10892797
3.31965208 -2.42342901 -1.09121704
3.31861401 -2.42266989 -1.07355595
3.85640502 -2.81527090 0.34393200
3.63760996 -2.65554595 0.34404400
3.44246411 -2.51308393 0.34415200
3.26733708 -2.38523698 0.34425899
3.83732510 -2.84049392 0.34390101
3.61963105 -2.67935109 0.34401399
3.42546511 -2.53562498 0.34412399
3.81877303 -2.86647701 0.34394801
3.60210395 -2.70383906 0.34405899
3.40885496 -2.55878091 0.34416699
3.79896808 -2.89186811 0.34391299
3.58344412 -2.72780490 0.34402600
3.77969694 -2.91800189 0.34395701
3.56523991 -2.75243711 0.34406701
3.75919294 -2.94351506 0.34391901
3.73921609 -2.96976805 0.34395999
